18
0 8892 5316 1349 395 6927 3795 1241 8859 931 6051 6631 1768 3819 823 8380 9405 1407
3
u j h
6631
13
0 8892 931 5316 1349 6051 395 6927 3795 823 1241 8859 8380
54
8380 h 9405
823 h 395
9405 h 1407
395 h 1407
8859 j 6927
6051 h 8892
6051 u 6631
395 u 1349
8892 h 8892
5316 u 1768
5316 h 8892
9405 u 8380
1349 u 1349
8380 j 3819
1407 u 8892
3819 u 823
1407 h 5316
931 u 823
6051 j 823
3819 j 3819
9405 j 6051
6927 h 9405
395 j 1768
8859 u 6927
3795 j 8892
1768 h 6631
6927 u 8380
1241 j 6051
1407 j 395
6927 j 931
8859 h 8859
3795 u 1241
8892 u 8859
931 j 1349
823 j 931
823 u 395
3819 h 931
5316 j 3819
8892 j 823
1768 j 931
6631 u 3819
6631 j 9405
3795 h 1407
931 h 5316
1349 j 1241
1349 h 931
8380 u 3795
1241 u 6927
1768 u 1241
6631 h 0
1241 h 0
0 u 0
0 j 0
0 h 0